0000000000000000000000001
0000000000000000000000001
0000000000000000000000000
0000000000000000000000000
0000000000000000000000011
0000000000000000000110011
0000000000000000000110011
0000000000000000000000011
0000000000000000000000011
0000000000000000000000000
0000000000000000000000000
0000000000000000000000011
0000000000000000000000000
0000001000022000000000000
0000000000000000000000000
0000000000000000000000000
0000000000000000000000000
0000000000000000000000000
0013310000000000000000000
0000000000000000000000000
0000000000000000000000000
